A004     0         0         0         0         0         0
A004     5         0         0         0         0         0
A004    10         0         0         0         0         0
A004    15         0         0         0         0         0
A004    20         0         0         0         0         0
A004    25         0         0         0         0         0
A004    30         0         0         0         0         0
A004    35         0         0         0         0         0
A004    40         0         0         0         0         0
A004    45         0         0         0         0         0
A004    50         0         1        23        42        31
A004    55        40        32        35        51        42
A004    60        56        84        93        93        75
A004    65        76        60        43        39        31
A004    70        36        36        29        22        30
A004    75        28        34        20        18        20
A004    80        20        18        28        21        30
A004    85        15        19        27        25        22
A004    90        20        15        21        25        19
A004    95        24        26        32        33        38
A004   100        32        25        28        31        24
A004   105        24        33        24        40        40
A004   110        35        49        46        29        23
A004   115        20        33        31        31        21
A004   120        30        37        56        25        27
A004   125        34        28        21        25        23
A004   130        48        60        44        18        23
A004   135        26        24        30        21        24
A004   140        23        19        21        20        29
A004   145        18        28        31        22        31
A004   150        22        22        20        30        27
A004   155        25        22        21        22        27
A004   160        22        22        22        25        22
A004   165        23        25        27        26        26
A004   170        17        24        26        23        22
A004   175        31        22        28        21        23
A004   180        27        28        23        27        23
A004   185        32        26        39        28        19
A004   190        24        22        24        29        22
A004   195        26        23        22        23        28
A004   200        19        13        29        18        18
A004   205        23        33        22        31        19
A004   210        29        24        11        20        25
A004   215        20        25        23        20        37
A004   220        23        25        24        21        23
A004   225        24        19        19        24        19
A004   230        11        28        19        33        45
A004   235        28        18        16        22        21
A004   240        25        26        23        16        23
A004   245        22        19        21        31        21
A004   250        21        17        17        25        19
A004   255        15        23        22        22        17
A004   260        18        12        12        23        23
A004   265        23        19        17        20        17
A004   270        16        15        17        21        17
A004   275        22        24        25        25        17
A004   280        15        17        21        18        17
A004   285        22        21        11        25        21
A004   290        17        24        30        25        21
A004   295        23        20        18        18        12
A004   300        17        11        10        16        14
A004   305        14        20        25        19        17
A004   310        20        13        13        11        18
A004   315        23        15        13        14        16
A004   320        14        15        10        19        20
A004   325        16         7        23         9        15
A004   330        15        17        19        16        14
A004   335        24        19        17        12        13
A004   340        15        19        13        12        15
A004   345         9        13        21        14        10
A004   350        15        17        12        14        18
A004   355        18        11         9        17        14
A004   360         9        14         7        11        16
A004   365        16        15         9        17        15
A004   370        14        14        10        15        11
A004   375        15        11         9         7        14
A004   380         6        13        18        15        13
A004   385        11         8         8        14        15
A004   390        12        10        15        18        17
A004   395        10        11        11        12        13
A004   400        10         9        11        14        18
A004   405        12        12        10         8         9
A004   410         8        12         8        11        13
A004   415        16         6        15        18        17
A004   420         9         9        13        11        16
A004   425         9         7        15         7        10
A004   430        13        18         6         9         5
A004   435        12         8        12         7        11
A004   440        10        10         9         9         7
A004   445         9         7        10        11        11
A004   450        10        11        10         6         6
A004   455         7         3        10        14        10
A004   460         6         5         3        13         5
A004   465        10         6        15         9        15
A004   470         6         5         5        11        12
A004   475        14        16         9         8         9
A004   480         6         8        11         7         7
A004   485        11         8         9        12        11
A004   490         4        18         4         8         9
A004   495         5        10         8         6         5
A004   500         6        13        11         9         7
A004   505         8         6         7         5         6
A004   510        12         4         8         3         8
A004   515         9         9         6         7         6
A004   520         8        10         3         8         4
A004   525        11         8         4         6         7
A004   530         8         8         6         7         7
A004   535         7        12        10        10         4
A004   540        10        10         5         3         6
A004   545         6        14        11        10         8
A004   550         7         9         6         5         6
A004   555         7         7        11         7        11
A004   560         5         6        11         3         6
A004   565        10         3         5         4        13
A004   570         5         7         8         8        10
A004   575         3         4         6         8         6
A004   580         7         5         9         9         9
A004   585         9         2         4         6        11
A004   590         6        10        22        30        39
A004   595        25        19         8         6         4
A004   600         8         8         7         3         4
A004   605         1         9         6         5         6
A004   610         6         4         2         6         7
A004   615         4         2         5        10         4
A004   620         7        10         2         7         4
A004   625         2         2         6         8         5
A004   630         2         6         1         3         5
A004   635         2         4         4         9         5
A004   640         6        10         5         0         7
A004   645         5         5         8         5         6
A004   650         3         6         3         6         4
A004   655         5         4         4         7         4
A004   660         8         2         5         5         5
A004   665         1         1         6         5         5
A004   670         3         5         3         7        10
A004   675        10         9         7         3         6
A004   680         3         4         3         6         5
A004   685         3         5         6         4         6
A004   690         8        12         8         9         6
A004   695         4         5         7        11         4
A004   700         3         1         8         8         9
A004   705         8         3         6         3         5
A004   710         3         2         6        10         3
A004   715         4         1         4         2         1
A004   720         6         6         4         3         3
A004   725         6         7         3         5         5
A004   730         3         2         2         6         3
A004   735         2         3         3         2         1
A004   740         3         6         5         6         4
A004   745         2         3         4         8         2
A004   750         7         9         5         4         2
A004   755         3         7        11         6         9
A004   760         4        15         2         8         4
A004   765         3         1         5         5         4
A004   770         6         5         3         2         5
A004   775         2         4        12         1         4
A004   780         3         3         5         1         4
A004   785         3         2         6         3         1
A004   790         0         2         6         3         2
A004   795         6         6         2         5         4
A004   800         3         6         5         4         6
A004   805         6         4         3         4         2
A004   810        10         2         4         4         3
A004   815         3         9         6         4         7
A004   820         4         8         3         4         6
A004   825         3         1         4         4         2
A004   830         7         9         1         7         2
A004   835         1         4         2         3         5
A004   840         4         5         6         4         2
A004   845         1         2         3         3         7
A004   850         3         3         4         7         2
A004   855         5         3         3         3         5
A004   860         3         3         4         8         1
A004   865         2         1         1         4         4
A004   870         3         1         4         6         7
A004   875         6         3         8         4         6
A004   880         3         9         4         1         4
A004   885         4         1         2         2         3
A004   890         1         2         4         2         3
A004   895         3         4         2         5         3
A004   900         2         3         2         1         4
A004   905         4         3         6         5         6
A004   910         4         3         3         2         1
A004   915         3         4         2         1         1
A004   920         4         4         8         4         1
A004   925         1         1         1         3         5
A004   930         1         2         1         4         5
A004   935         8         2         3         3         3
A004   940         1         3         3         0         3
A004   945         0         1         3         3         2
A004   950         3         4         3         3         3
A004   955         6         2         3         1         6
A004   960         2         5         1         4         4
A004   965         3         3         5         3         0
A004   970         5         3         1         1         4
A004   975         1         2         2         3         5
A004   980         5         4         2         2         4
A004   985         5         4         2         2         2
A004   990         6         1         1         3         2
A004   995         3         2         4         1         4
A004  1000         2         6         7         2         4
A004  1005         5         0         3         4         4
A004  1010         4         2         2         3         5
A004  1015         1         6         3         2         4
A004  1020         3         3         1         5         5
A004  1025         2         4         2         3         1
A004  1030         2         3         0         6         2
A004  1035         4         3         6         5         7
A004  1040         1         3         0         2         4
A004  1045         2         3         2         2         5
A004  1050         3         2         2         2         8
A004  1055         4         2         5         3         1
A004  1060         3         4         3        11         2
A004  1065         3         2         5         4         4
A004  1070         2         3         1         3         2
A004  1075         1         2         2         5         2
A004  1080         3         1         3         4         2
A004  1085         2         3         2         4         2
A004  1090         4         2         1         5         2
A004  1095         5         7         4         1         6
A004  1100         4         4         2         4         3
A004  1105         5         2         5         1         4
A004  1110         4         1         1         3         0
A004  1115         1         0         3         3         5
A004  1120         4         1         2         3         4
A004  1125         1         2         1         3         2
A004  1130         2         1         2         5         2
A004  1135         0         1         5         3         3
A004  1140         1         2         2         2         4
A004  1145         3         5         2         2         0
A004  1150         7         4         5         3         2
A004  1155         8         2         1         2         5
A004  1160         6         2         2         1         3
A004  1165         1         2         3         6         3
A004  1170         4         1         5         3         8
A004  1175         3         0         0         0         4
A004  1180         1         2         2         0         2
A004  1185         1         4         2         3         1
A004  1190         2         1         1         1         5
A004  1195         2         1         1         1         2
A004  1200         1         1         3         2         2
A004  1205         2         2         3         0         4
A004  1210         1         6         3         1         0
A004  1215         5         3         2         3         1
A004  1220         2         4         2         1         2
A004  1225         0         2         4         4         4
A004  1230         1         6         3         5         7
A004  1235         6         6         3         2         4
A004  1240         1         3         1         0         5
A004  1245         2         1         4         3         3
A004  1250         2         4         1         2         0
A004  1255         2         0         4         2         2
A004  1260         1         2         2         4         0
A004  1265         3         1         1         3         3
A004  1270         0         2         4         3         3
A004  1275         3         2         1         3         4
A004  1280         1         3         3         1         0
A004  1285         1         1         3         3         0
A004  1290         3         2         1         1         6
A004  1295         3         3         2         1         1
A004  1300         0         2         1         1         3
A004  1305         2         0         2         2         0
A004  1310         1         2         0         0         4
A004  1315         3         1         6         2         5
A004  1320         3         2         3         5         3
A004  1325         7         7        10        16         8
A004  1330         5         5         4         2         2
A004  1335         3         1         1         5         2
A004  1340         2         0         2         1         1
A004  1345         1         2         2         3         0
A004  1350         0         0         1         0         3
A004  1355         3         1         0         2         5
A004  1360         2         3         2         3         1
A004  1365         2         3         1         2         1
A004  1370         2         3         1         3         0
A004  1375         5         2         1         2         4
A004  1380         0         0         1         2         4
A004  1385         4         3         1         3         1
A004  1390         1         1         4         4         3
A004  1395         5         3         3         3         4
A004  1400         4         2         1         1         3
A004  1405         1         0         0         0         1
A004  1410         1         1         2         2         1
A004  1415         1         1         1         5         1
A004  1420         2         1         0         0         2
A004  1425         1         3         1         1         0
A004  1430         3         2         4         2         3
A004  1435         1         2         1         0         2
A004  1440         1         1         2         1         1
A004  1445         3         2         1         1         0
A004  1450         2         1         1         1         1
A004  1455         2         1         0         4         2
A004  1460         1         2         0         2         2
A004  1465         3         3         0         2         1
A004  1470         0         4         2         2         0
A004  1475         2         0         2         0         3
A004  1480         1         0         0         2         1
A004  1485         3         1         0         1         1
A004  1490         3         0         1         2         2
A004  1495         0         2         0         1         4
A004  1500         1         1         1         8        11
A004  1505        12         8         0         1         0
A004  1510         3         2         3         1         1
A004  1515         1         0         4         1         1
A004  1520         4         0         2         2         2
A004  1525         1         1         2         1         2
A004  1530         0         0         1         1         0
A004  1535         2         5         1         1         2
A004  1540         0         1         1         0         2
A004  1545         1         3         3         2         2
A004  1550         2         0         2         2         1
A004  1555         1         2         0         0         3
A004  1560         3         0         1         4         0
A004  1565         0         0         3         3         1
A004  1570         4         0         0         0         0
A004  1575         1         2         3         0         0
A004  1580         1         1         3         0         1
A004  1585         2         3         0         1         2
A004  1590         2         0         3         1         1
A004  1595         0         1         1         1         5
A004  1600         2         1         2         1         1
A004  1605         3         1         1         0         0
A004  1610         1         1         0         1         0
A004  1615         0         0         1         2         2
A004  1620         0         1         1         2         0
A004  1625         2         2         1         0         0
A004  1630         1         0         2         2         3
A004  1635         1         3         2         3         1
A004  1640         0         0         2         1         2
A004  1645         9         9        10         2         0
A004  1650         1         1         0         1         0
A004  1655         1         3         0         1         1
A004  1660         0         1         0         2         3
A004  1665         4         5         1         0         0
A004  1670         5         2         2         1         0
A004  1675         0         0         1         0         1
A004  1680         1         1         0         3         0
A004  1685         0         0         0         2         0
A004  1690         1         1         2         1         2
A004  1695         3         0         2         1         1
A004  1700         2         1         0         0         0
A004  1705         0         3         3         0         1
A004  1710         2         1         1         1         3
A004  1715         0         1         1         1         1
A004  1720         1         0         0         0         0
A004  1725         1         1         1         1         4
A004  1730         2         3         0         0         1
A004  1735         3         3         3         3         1
A004  1740         0         1         3         1         2
A004  1745         1         0         1         0         0
A004  1750         1         1         1         2         1
A004  1755         0         2         1         0         1
A004  1760         0         0         2         1         0
A004  1765         1         0         0         1         0
A004  1770         1         2         1         1         1
A004  1775         0         3         2         1         0
A004  1780         0         0         2         0         0
A004  1785         1         0         0         3         0
A004  1790         1         0         1         3         1
A004  1795         0         4         0         0         1
A004  1800         0         1         1         1         0
A004  1805         0         1         1         1         1
A004  1810         0         1         0         0         0
A004  1815         0         3         2         1         1
A004  1820         0         0         1         1         0
A004  1825         1         1         2         0         0
A004  1830         0         0         1         1         1
A004  1835         2         0         0         2         0
A004  1840         1         0         1         1         0
A004  1845         1         2         0         2         2
A004  1850         0         1         1         0         2
A004  1855         1         0         0         3         0
A004  1860         3         1         0         0         0
A004  1865         1         0         1         0         2
A004  1870         3         3         1         1         3
A004  1875         1         1         0         0         1
A004  1880         1         1         2         1         3
A004  1885         1         2         3         0         0
A004  1890         1         0         0         1         1
A004  1895         1         2         3         0         1
A004  1900         0         1         1         1         0
A004  1905         2         0         0         0         1
A004  1910         1         0         1         1         1
A004  1915         1         0         0         1         0
A004  1920         2         0         0         2         1
A004  1925         0         1         1         1         0
A004  1930         0         1         3         3         0
A004  1935         0         1         0         1         1
A004  1940         1         0         1         0         1
A004  1945         1         3         0         0         1
A004  1950         1         0         1         0         0
A004  1955         2         0         0         0         1
A004  1960         1         0         1         0         0
A004  1965         2         0         1         1         0
A004  1970         0         0         0         1         1
A004  1975         1         0         1         1         0
A004  1980         1         0         0         1         2
A004  1985         0         2         0         0         0
A004  1990         1         1         0         0         0
A004  1995         0         0         1         0         1
A004  2000         2         0         0         1         0
A004  2005         1         1         2         1         0
A004  2010         0         2         0         1         1
A004  2015         2         0         0         1         2
A004  2020         0         1         1         1         0
A004  2025         1         1         1         2         3
A004  2030         1         2         2         0         1
A004  2035         0         1         0         0         0
A004  2040         1         0         1         1         0
A004  2045         1         2         0         1         1
A004  2050         1         0         2         0         1
A004  2055         0         0         3         0         2
A004  2060         0         0         0         1         0
A004  2065         2         1         0         0         1
A004  2070         0         1         1         0         0
A004  2075         0         2         1         0         1
A004  2080         0         1         0         2         0
A004  2085         0         1         1         0         1
A004  2090         2         2         0         2         0
A004  2095         1         0         0         0         1
A004  2100         0         0         1         0         1
A004  2105         2         1         1         1         0
A004  2110         1         0         1         2         1
A004  2115         0         2         1         1         1
A004  2120         1         0         0         2         1
A004  2125         1         0         0         3         0
A004  2130         2         0         1         0         0
A004  2135         0         0         0         2         1
A004  2140         0         0         0         0         0
A004  2145         1         0         0         2         2
A004  2150         1         1         2         1         0
A004  2155         1         0         2         0         1
A004  2160         1         1         0         1         0
A004  2165         1         1         2         2         2
A004  2170         1         0         3         1         1
A004  2175         1         0         0         0         1
A004  2180         0         0         0         0         0
A004  2185         0         0         0         2         1
A004  2190         2         1         0         1         0
A004  2195         1         1         0         1         0
A004  2200         0         0         0         0         0
A004  2205         0         0         1         0         0
A004  2210         0         3         0         1         1
A004  2215         0         0         0         2         1
A004  2220         0         0         0         1         0
A004  2225         1         0         1         0         0
A004  2230         1         1         0         1         0
A004  2235         1         0         1         3         0
A004  2240         0         2         0         0         4
A004  2245         0         0         1         0         0
A004  2250         0         1         0         1         0
A004  2255         1         2         1         1         1
A004  2260         0         0         1         1         0
A004  2265         1         1         0         1         0
A004  2270         1         0         1         2         1
A004  2275         1         2         0         0         0
A004  2280         0         0         0         2         2
A004  2285         0         1         1         2         1
A004  2290         1         0         1         1         0
A004  2295         0         3         1         0         1
A004  2300         2         3         1         1         0
A004  2305         0         0         0         0         0
A004  2310         1         3         0         0         0
A004  2315         0         0         0         1         0
A004  2320         0         0         1         0         0
A004  2325         1         1         0         1         0
A004  2330         1         2         1         0         0
A004  2335         0         0         0         0         1
A004  2340         2         1         0         0         0
A004  2345         0         2         1         1         1
A004  2350         0         0         0         2         0
A004  2355         1         0         2         0         1
A004  2360         0         1         1         1         0
A004  2365         1         0         1         0         1
A004  2370         1         0         0         0         0
A004  2375         0         1         0         1         0
A004  2380         1         0         1         0         1
A004  2385         0         1         0         0         0
A004  2390         2         0         0         1         1
A004  2395         0         1         3         1         2
A004  2400         0         0         0         0         0
A004  2405         1         1         1         2         0
A004  2410         1         2         1         1         0
A004  2415         0         0         0         1         0
A004  2420         0         1         0         1         0
A004  2425         1         0         1         0         0
A004  2430         1         0         0         0         1
A004  2435         1         2         0         0         1
A004  2440         0         0         1         0         0
A004  2445         0         1         0         1         1
A004  2450         0         0         2         0         0
A004  2455         0         1         0         0         1
A004  2460         0         1         1         0         0
A004  2465         0         2         0         1         2
A004  2470         2         1         1         0         0
A004  2475         2         0         0         1         1
A004  2480         1         2         0         2         0
A004  2485         0         2         0         2         0
A004  2490         1         2         1         1         0
A004  2495         0         1         1         0         0
A004  2500         0         0         0         1         0
A004  2505         0         0         2         0         0
A004  2510         0         0         1         0         0
A004  2515         0         2         0         0         0
A004  2520         1         1         1         0         0
A004  2525         0         1         1         2         0
A004  2530         0         0         1         1         2
A004  2535         1         2         3         1         1
A004  2540         0         3         0         0         0
A004  2545         0         2         0         0         1
A004  2550         2         0         2         0         0
A004  2555         1         0         0         1         0
A004  2560         1         0         2         1         1
A004  2565         1         1         0         1         0
A004  2570         1         1         1         0         0
A004  2575         0         1         1         0         0
A004  2580         1         2         0         0         0
A004  2585         0         0         1         0         0
A004  2590         3         2         0         0         1
A004  2595         0         0         1         0         1
A004  2600         0         0         0         0         2
A004  2605         0         1         0         0         0
A004  2610         0         0         0         2         0
A004  2615         1         0         1         2         1
A004  2620         0         0         0         1         2
A004  2625         0         0         0         0         1
A004  2630         0         0         0         2         0
A004  2635         1         0         1         1         1
A004  2640         0         0         0         0         0
A004  2645         2         0         0         0         0
A004  2650         1         1         0         1         0
A004  2655         0         1         0         1         0
A004  2660         0         0         0         1         0
A004  2665         1         0         1         0         1
A004  2670         0         0         2         1         1
A004  2675         0         0         0         0         2
A004  2680         0         0         1         1         2
A004  2685         0         1         0         0         1
A004  2690         1         0         1         1         1
A004  2695         0         0         0         1         0
A004  2700         0         0         0         0         0
A004  2705         0         0         0         1         1
A004  2710         1         0         1         2         1
A004  2715         0         2         1         0         1
A004  2720         1         0         1         1         1
A004  2725         3         0         1         0         0
A004  2730         0         0         1         0         0
A004  2735         0         1         1         0         0
A004  2740         1         0         0         0         2
A004  2745         1         0         0         0         0
A004  2750         1         1         1         0         0
A004  2755         0         0         0         0         1
A004  2760         0         1         0         0         0
A004  2765         1         1         0         0         1
A004  2770         0         0         0         0         1
A004  2775         0         0         1         2         2
A004  2780         0         0         1         0         0
A004  2785         0         0         0         1         0
A004  2790         0         0         1         0         0
A004  2795         0         1         1         0         0
A004  2800         0         0         0         0         0
A004  2805         1         0         1         0         0
A004  2810         0         1         0         0         0
A004  2815         0         1         0         0         1
A004  2820         1         0         0         0         0
A004  2825         0         1         0         0         0
A004  2830         1         2         0         3         1
A004  2835         1         0         0         1         0
A004  2840         0         0         0         0         0
A004  2845         0         0         0         0         0
A004  2850         0         1         0         0         1
A004  2855         1         1         0         1         0
A004  2860         0         1         0         1         0
A004  2865         1         0         1         0         1
A004  2870         2         0         0         0         0
A004  2875         0         0         0         1         0
A004  2880         0         0         1         1         0
A004  2885         0         0         1         0         1
A004  2890         1         1         0         2         1
A004  2895         0         0         1         0         2
A004  2900         0         0         0         0         0
A004  2905         0         1         0         0         0
A004  2910         0         0         3         0         0
A004  2915         0         0         0         0         0
A004  2920         0         2         1         0         5
A004  2925         4         6         3         1         0
A004  2930         0         0         0         1         0
A004  2935         1         1         0         0         0
A004  2940         0         1         2         0         0
A004  2945         0         0         0         0         0
A004  2950         0         0         0         0         0
A004  2955         0         0         0         1         0
A004  2960         2         1         0         0         0
A004  2965         0         0         0         0         0
A004  2970         0         1         0         0         1
A004  2975         0         0         0         0         0
A004  2980         2         0         0         0         0
A004  2985         1         0         1         0         1
A004  2990         1         0         0         0         0
A004  2995         1         0         0         0         0
A004  3000         1         0         0         0         0
A004  3005         0         0         2         1         0
A004  3010         0         0         0         0         1
A004  3015         0         0         1         0         0
A004  3020         0         2         0         0         0
A004  3025         0         0         0         0         0
A004  3030         0         0         0         0         0
A004  3035         0         0         0         1         0
A004  3040         0         0         0         0         0
A004  3045         0         0         1         0         0
A004  3050         0         1         1         0         0
A004  3055         1         0         1         0         1
A004  3060         0         1         0         0         0
A004  3065         0         0         1         2         0
A004  3070         0         1         0         1         1
A004  3075         0         1         0         0         1
A004  3080         0         1         2         0         0
A004  3085         0         0         0         0         0
A004  3090         0         0         0         0         1
A004  3095         0         0         1         0         0
A004  3100         0         0         0         1         1
A004  3105         0         0         0         0         0
A004  3110         0         0         0         2         0
A004  3115         0         0         0         0         0
A004  3120         0         0         0         2         1
A004  3125         0         0         0         1         0
A004  3130         0         0         0         0         0
A004  3135         0         0         0         0         0
A004  3140         0         0         0         0         0
A004  3145         1         0         0         0         1
A004  3150         1         0         0         1         0
A004  3155         0         0         0         0         0
A004  3160         0         0         0         0         1
A004  3165         1         1         0         1         0
A004  3170         0         0         0         0         0
A004  3175         0         1         2         0         0
A004  3180         0         1         0         0         0
A004  3185         1         0         0         0         0
A004  3190         0         0         0         0         0
A004  3195         0         1         0         0         1
A004  3200         0         0         0         0         0
A004  3205         0         0         1         1         0
A004  3210         0         0         0         0         0
A004  3215         0         0         0         0         1
A004  3220         0         0         0         0         0
A004  3225         0         0         0         0         0
A004  3230         0         1         0         1         0
A004  3235         0         0         0         0         0
A004  3240         1         0         0         0         0
A004  3245         0         0         1         0         0
A004  3250         1         0         0         0         0
A004  3255         0         0         0         1         0
A004  3260         1         0         0         0         1
A004  3265         0         0         0         0         0
A004  3270         0         0         0         0         0
A004  3275         0         1         0         0         0
A004  3280         0         0         0         0         0
A004  3285         0         1         1         0         0
A004  3290         0         0         0         0         0
A004  3295         0         0         0         0         0
A004  3300         0         1         0         0         0
A004  3305         1         0         0         0         0
A004  3310         0         0         0         0         1
A004  3315         0         0         0         0         0
A004  3320         0         0         0         0         0
A004  3325         0         0         0         1         0
A004  3330         0         1         1         0         1
A004  3335         0         0         0         0         0
A004  3340         0         0         0         0         1
A004  3345         0         0         0         1         0
A004  3350         0         0         1         0         0
A004  3355         1         1         0         0         0
A004  3360         0         0         1         1         1
A004  3365         1         0         0         0         0
A004  3370         0         0         1         0         0
A004  3375         0         0         0         0         0
A004  3380         0         0         0         0         0
A004  3385         0         1         1         0         1
A004  3390         0         0         0         0         0
A004  3395         0         0         0         0         0
A004  3400         0         0         0         0         0
A004  3405         1         0         1         0         0
A004  3410         0         1         0         0         0
A004  3415         1         0         1         0         0
A004  3420         0         0         0         0         0
A004  3425         0         0         1         0         1
A004  3430         0         1         0         1         0
A004  3435         0         0         0         0         1
A004  3440         0         1         0         1         0
A004  3445         0         0         0         0         0
A004  3450         0         0         0         0         0
A004  3455         0         0         0         0         0
A004  3460         0         0         1         0         0
A004  3465         0         0         0         0         0
A004  3470         0         0         0         0         0
A004  3475         1         1         0         1         0
A004  3480         0         0         1         0         0
A004  3485         0         0         1         0         0
A004  3490         0         0         0         0         0
A004  3495         0         0         0         0         1
A004  3500         0         0         0         0         0
A004  3505         0         0         0         0         0
A004  3510         0         0         0         1         0
A004  3515         0         0         0         0         0
A004  3520         0         0         0         0         0
A004  3525         0         0         1         0         0
A004  3530         0         0         0         0         1
A004  3535         0         0         0         1         0
A004  3540         0         0         1         2         0
A004  3545         0         0         0         1         0
A004  3550         0         0         1         0         0
A004  3555         0         0         0         0         0
A004  3560         0         0         0         0         0
A004  3565         1         0         0         0         0
A004  3570         0         0         0         0         0
A004  3575         0         0         0         0         0
A004  3580         0         0         0         0         0
A004  3585         0         0         0         1         0
A004  3590         0         0         0         0         0
A004  3595         1         0         0         0         0
A004  3600         0         0         0         0         0
A004  3605         0         0         0         0         0
A004  3610         0         0         1         0         1
A004  3615         1         0         0         0         0
A004  3620         0         1         0         0         0
A004  3625         0         0         0         0         0
A004  3630         0         0         0         0         0
A004  3635         0         0         0         0         0
A004  3640         1         0         0         0         0
A004  3645         1         0         0         0         0
A004  3650         0         0         0         0         0
A004  3655         0         0         0         0         0
A004  3660         0         0         0         0         0
A004  3665         0         0         0         0         0
A004  3670         0         0         0         0         0
A004  3675         0         0         0         0         0
A004  3680         0         1         0         0         0
A004  3685         1         0         0         1         0
A004  3690         0         0         0         0         1
A004  3695         0         0         0         1         1
A004  3700         1         0         0         0         0
A004  3705         0         0         0         0         0
A004  3710         0         0         0         0         0
A004  3715         0         1         0         0         0
A004  3720         1         0         0         0         0
A004  3725         0         0         0         1         0
A004  3730         0         0         0         0         0
A004  3735         0         0         0         0         0
A004  3740         0         0         0         0         0
A004  3745         0         0         0         0         0
A004  3750         0         0         0         0         0
A004  3755         0         0         0         0         0
A004  3760         0         0         0         0         0
A004  3765         0         0         0         0         0
A004  3770         0         0         0         1         0
A004  3775         1         0         0         1         1
A004  3780         0         0         0         0         0
A004  3785         0         1         0         1         0
A004  3790         0         0         1         0         0
A004  3795         0         0         0         1         0
A004  3800         1         0         1         0         1
A004  3805         1         0         0         0         0
A004  3810         0         0         1         1         0
A004  3815         0         0         1         0         0
A004  3820         0         1         0         0         0
A004  3825         1         0         0         0         0
A004  3830         0         0         0         1         0
A004  3835         0         0         0         0         0
A004  3840         0         0         0         0         0
A004  3845         0         1         0         0         0
A004  3850         1         0         0         0         0
A004  3855         0         3         0         0         0
A004  3860         0         0         0         1         0
A004  3865         0         0         0         0         0
A004  3870         0         0         1         0         0
A004  3875         0         0         1         0         0
A004  3880         0         0         0         1         0
A004  3885         0         0         0         0         0
A004  3890         0         0         0         0         0
A004  3895         0         0         0         1         0
A004  3900         0         0         1         0         0
A004  3905         0         0         0         1         0
A004  3910         0         0         0         0         0
A004  3915         0         1         0         0         0
A004  3920         0         0         0         0         0
A004  3925         0         0         0         0         0
A004  3930         0         0         0         0         0
A004  3935         0         1         0         0         0
A004  3940         0         0         0         0         0
A004  3945         0         0         0         0         1
A004  3950         0         0         0         0         0
A004  3955         0         0         0         0         1
A004  3960         0         0         1         1         0
A004  3965         1         0         0         0         0
A004  3970         1         0         0         1         0
A004  3975         0         1         0         0         0
A004  3980         1         0         0         0         0
A004  3985         0         0         0         0         1
A004  3990         0         0         0         0         0
A004  3995         0         1         0         0         0
A004  4000         0         0         0         0         0
A004  4005         1         0         0         0         1
A004  4010         0         0         0         0         0
A004  4015         0         0         0         0         1
A004  4020         0         0         0         0         0
A004  4025         1         0         0         1         0
A004  4030         0         0         0         0         0
A004  4035         0         0         1         0         0
A004  4040         0         0         0         1         0
A004  4045         0         0         0         0         0
A004  4050         0         0         0         0         0
A004  4055         1         0         0         0         0
A004  4060         0         0         0         1         0
A004  4065         0         0         0         0         0
A004  4070         0         1         0         0         0
A004  4075         0         0         0         0         0
A004  4080         1         0         0         0         0
A004  4085         0         0         0         0         0
A004  4090         1         0         0         1         0
A004  4095         0         0         0         0         0
